neutron
0.00E+00	1.24E+06
1.00E-01	2.15E+06
2.00E-01	2.65E+06
3.00E-01	2.97E+06
4.00E-01	3.19E+06
5.00E-01	3.34E+06
6.00E-01	3.43E+06
7.00E-01	3.48E+06
8.00E-01	3.50E+06
9.00E-01	3.48E+06
1.00E+00	3.45E+06
1.10E+00	3.40E+06
1.20E+00	3.34E+06
1.30E+00	3.27E+06
1.40E+00	3.19E+06
1.50E+00	3.10E+06
1.60E+00	3.01E+06
1.70E+00	2.91E+06
1.80E+00	2.82E+06
1.90E+00	2.72E+06
2.00E+00	2.62E+06
2.10E+00	2.53E+06
2.20E+00	2.43E+06
2.30E+00	2.33E+06
2.40E+00	2.23E+06
2.50E+00	2.13E+06
2.60E+00	2.03E+06
2.70E+00	1.93E+06
2.80E+00	1.83E+06
2.90E+00	1.73E+06
3.00E+00	1.64E+06
3.10E+00	1.55E+06
3.20E+00	1.46E+06
3.30E+00	1.37E+06
3.40E+00	1.29E+06
3.50E+00	1.21E+06
3.60E+00	1.13E+06
3.70E+00	1.06E+06
3.80E+00	9.91E+05
3.90E+00	9.25E+05
4.00E+00	8.63E+05
4.10E+00	8.05E+05
4.20E+00	7.51E+05
4.30E+00	7.01E+05
4.40E+00	6.53E+05
4.50E+00	6.10E+05
4.60E+00	5.71E+05
4.70E+00	5.34E+05
4.80E+00	4.99E+05
4.90E+00	4.67E+05
5.00E+00	4.36E+05
5.10E+00	4.07E+05
5.20E+00	3.80E+05
5.30E+00	3.55E+05
5.40E+00	3.31E+05
5.50E+00	3.09E+05
5.60E+00	2.88E+05
5.70E+00	2.68E+05
5.80E+00	2.49E+05
5.90E+00	2.32E+05
6.00E+00	2.16E+05
6.10E+00	2.01E+05
6.20E+00	1.87E+05
6.30E+00	1.74E+05
6.40E+00	1.62E+05
6.50E+00	1.51E+05
6.60E+00	1.40E+05
6.70E+00	1.30E+05
6.80E+00	1.21E+05
6.90E+00	1.12E+05
7.00E+00	1.04E+05
7.10E+00	9.65E+04
7.20E+00	8.94E+04
7.30E+00	8.29E+04
7.40E+00	7.68E+04
7.50E+00	7.11E+04
7.60E+00	6.59E+04
7.70E+00	6.11E+04
7.80E+00	5.66E+04
7.90E+00	5.24E+04
8.00E+00	4.85E+04
8.10E+00	4.49E+04
8.20E+00	4.16E+04
8.30E+00	3.85E+04
8.40E+00	3.56E+04
8.50E+00	3.29E+04
8.60E+00	3.05E+04
8.70E+00	2.82E+04
8.80E+00	2.60E+04
8.90E+00	2.41E+04
9.00E+00	2.23E+04
9.10E+00	2.06E+04
9.20E+00	1.90E+04
9.30E+00	1.75E+04
9.40E+00	1.62E+04
9.50E+00	1.50E+04
9.60E+00	1.38E+04
9.70E+00	1.28E+04
9.80E+00	1.18E+04
9.90E+00	1.09E+04
1.00E+01	1.00E+04
1.01E+01	9.25E+03
1.02E+01	8.53E+03
1.03E+01	7.87E+03
1.04E+01	7.26E+03
1.05E+01	6.69E+03
1.06E+01	6.17E+03
1.07E+01	5.68E+03
1.08E+01	5.24E+03
1.09E+01	4.83E+03
1.10E+01	4.45E+03
1.11E+01	4.10E+03
1.12E+01	3.78E+03
1.13E+01	3.48E+03
1.14E+01	3.20E+03
1.15E+01	2.95E+03
1.16E+01	2.71E+03
1.17E+01	2.50E+03
1.18E+01	2.30E+03
1.19E+01	2.12E+03
1.20E+01	1.95E+03
1.21E+01	1.79E+03
1.22E+01	1.65E+03
1.23E+01	1.52E+03
1.24E+01	1.40E+03
1.25E+01	1.28E+03
1.26E+01	1.18E+03
1.27E+01	1.09E+03
1.28E+01	9.98E+02
1.29E+01	9.18E+02
1.30E+01	8.44E+02
1.31E+01	7.75E+02
1.32E+01	7.13E+02
1.33E+01	6.55E+02
1.34E+01	6.02E+02
1.35E+01	5.53E+02
1.36E+01	5.08E+02
1.37E+01	4.67E+02
1.38E+01	4.29E+02
1.39E+01	3.94E+02
1.40E+01	3.62E+02
1.41E+01	3.32E+02
1.42E+01	3.05E+02
1.43E+01	2.80E+02
1.44E+01	2.57E+02
1.45E+01	2.36E+02
1.46E+01	2.17E+02
1.47E+01	1.99E+02
1.48E+01	1.82E+02
1.49E+01	1.67E+02
1.50E+01	1.54E+02
1.51E+01	1.41E+02
1.52E+01	1.29E+02
1.53E+01	1.19E+02
1.54E+01	1.09E+02
1.55E+01	9.98E+01
1.56E+01	9.15E+01
1.57E+01	8.39E+01
1.58E+01	7.70E+01
1.59E+01	7.06E+01
1.60E+01	6.47E+01
1.61E+01	5.93E+01
1.62E+01	5.44E+01
1.63E+01	4.98E+01
1.64E+01	4.57E+01
1.65E+01	4.19E+01
1.66E+01	3.84E+01
1.67E+01	3.52E+01
1.68E+01	3.22E+01
1.69E+01	2.95E+01
1.70E+01	2.71E+01
1.71E+01	2.48E+01
1.72E+01	2.27E+01
1.73E+01	2.08E+01
1.74E+01	1.91E+01
1.75E+01	1.74E+01
1.76E+01	1.60E+01
1.77E+01	1.46E+01
1.78E+01	1.34E+01
1.79E+01	1.23E+01
1.80E+01	1.12E+01
1.81E+01	1.03E+01
1.82E+01	9.42E+00
1.83E+01	8.62E+00
1.84E+01	7.89E+00
1.85E+01	7.22E+00
1.86E+01	6.61E+00
1.87E+01	6.05E+00
1.88E+01	5.54E+00
1.89E+01	5.07E+00
1.90E+01	4.64E+00
1.91E+01	4.24E+00
1.92E+01	3.88E+00
1.93E+01	3.55E+00
1.94E+01	3.25E+00
1.95E+01	2.97E+00
1.96E+01	2.72E+00
1.97E+01	2.49E+00
1.98E+01	2.27E+00
1.99E+01	2.08E+00
2.00E+01	1.90E+00
2.01E+01	1.74E+00
2.02E+01	1.59E+00
2.03E+01	1.46E+00
2.04E+01	1.33E+00
2.05E+01	1.22E+00
2.06E+01	1.11E+00
2.07E+01	1.02E+00
2.08E+01	9.30E-01
2.09E+01	8.50E-01
2.10E+01	7.77E-01
2.11E+01	7.10E-01
2.12E+01	6.49E-01
2.13E+01	5.93E-01
2.14E+01	5.42E-01
2.15E+01	4.95E-01
2.16E+01	4.53E-01
2.17E+01	4.14E-01
2.18E+01	3.78E-01
2.19E+01	3.45E-01
2.20E+01	3.15E-01
2.21E+01	2.88E-01
2.22E+01	2.63E-01
2.23E+01	2.41E-01
2.24E+01	2.20E-01
2.25E+01	2.01E-01
2.26E+01	1.83E-01
2.27E+01	1.67E-01
2.28E+01	1.53E-01
2.29E+01	1.40E-01
2.30E+01	1.28E-01
2.31E+01	1.16E-01
2.32E+01	1.06E-01
2.33E+01	9.71E-02
2.34E+01	8.87E-02
2.35E+01	8.10E-02
2.36E+01	7.39E-02
2.37E+01	6.75E-02
2.38E+01	6.16E-02
2.39E+01	5.62E-02
2.40E+01	5.13E-02
2.41E+01	4.69E-02
2.42E+01	4.28E-02
2.43E+01	3.90E-02
2.44E+01	3.56E-02
2.45E+01	3.25E-02
2.46E+01	2.97E-02
2.47E+01	2.71E-02
2.48E+01	2.47E-02
2.49E+01	2.26E-02
2.50E+01	2.06E-02
2.51E+01	1.88E-02
2.52E+01	1.71E-02
2.53E+01	1.56E-02
2.54E+01	1.43E-02
2.55E+01	1.30E-02
2.56E+01	1.19E-02
2.57E+01	1.08E-02
2.58E+01	9.88E-03
2.59E+01	9.01E-03
2.60E+01	8.22E-03
2.61E+01	7.50E-03
2.62E+01	6.84E-03
2.63E+01	6.24E-03
2.64E+01	5.69E-03
2.65E+01	5.19E-03
2.66E+01	4.73E-03
2.67E+01	4.31E-03
2.68E+01	3.93E-03
2.69E+01	3.59E-03
2.70E+01	3.27E-03
2.71E+01	2.98E-03
2.72E+01	2.72E-03
2.73E+01	2.48E-03
2.74E+01	2.26E-03
2.75E+01	2.06E-03
2.76E+01	1.88E-03
2.77E+01	1.71E-03
2.78E+01	1.56E-03
2.79E+01	1.42E-03
2.80E+01	1.30E-03
2.81E+01	1.18E-03
2.82E+01	1.08E-03
2.83E+01	9.83E-04
2.84E+01	8.96E-04
2.85E+01	8.16E-04
2.86E+01	7.44E-04
2.87E+01	6.78E-04
2.88E+01	6.18E-04
2.89E+01	5.63E-04
2.90E+01	5.13E-04
2.91E+01	4.67E-04
2.92E+01	4.26E-04
2.93E+01	3.88E-04
2.94E+01	3.54E-04
2.95E+01	3.22E-04
2.96E+01	2.94E-04
2.97E+01	2.67E-04
2.98E+01	2.44E-04
2.99E+01	2.22E-04
3.00E+01    0.0
